 #BLOK001# 3DCUBUK PROBLEMI
   0.   1.   0.    .0000000000    0    2    1   12    0    1
 #BLOK003# R1    R2    R3    R4  H  Alfa1 Alfa2 Tur
    3    1    5    1    2    1
       .0060000000       .0150000000       .0000000000       .0000000000         .0450000000        8.4602271183         .0000000000        4.00000      32.0
 #BLOK004# NOD X  Y  Z  ACI Ux  Uy  Uz  Dx  Dy  Dz  Tx Ty  Tz Mx  My  Mz  IBIT
   1.         .0060000000         .0000000000         .0000000000      .000000000000000000   1.   1.   1.   1.   1.   1.   0.   0.   0.   0.   0.   0.   0.
   2.         .0050132766         .0050132766         .0007823227      .785398163397448300   0.   0.   0.   0.   0.   0.   0.   0.   0.   0.   0.   0.   0.
   3.         .0000000000         .0081093750         .0016836943     1.570796326794897000   0.   0.   0.   0.   0.   0.   0.   0.   0.   0.   0.   0.   0.
   4.        -.0064053931         .0064053931         .0026970816     2.356194490192345000   0.   0.   0.   0.   0.   0.   0.   0.   0.   0.   0.   0.   0.
   5.        -.0099375000         .0000000000         .0038150283     3.141592653589793000   0.   0.   0.   0.   0.   0.   0.   0.   0.   0.   0.   0.   0.
   6.        -.0075986358        -.0075986358         .0050298360     3.926990816987241000   0.   0.   0.   0.   0.   0.   0.   0.   0.   0.   0.   0.   0.
   7.         .0000000000        -.0114843750         .0063336585     4.712388980384690000   0.   0.   0.   0.   0.   0.   0.   0.   0.   0.   0.   0.   0.
   8.         .0085930047        -.0085930047         .0077185545     5.497787143782138000   0.   0.   0.   0.   0.   0.   0.   0.   0.   0.   0.   0.   0.
   9.         .0127500000         .0000000000         .0091765190     6.283185307179586000   0.   0.   0.   0.   0.   0.   0.   0.   0.   0.   0.   0.   0.
  10.         .0093884998         .0093884998         .0106995029     7.068583470577035000   0.   0.   0.   0.   0.   0.   0.   0.   0.   0.   0.   0.   0.
  11.         .0000000000         .0137343750         .0122794259     7.853981633974483000   0.   0.   0.   0.   0.   0.   0.   0.   0.   0.   0.   0.   0.
  12.        -.0099851211         .0099851211         .0139081851     8.639379797371930000   0.   0.   0.   0.   0.   0.   0.   0.   0.   0.   0.   0.   0.
  13.        -.0144375000         .0000000000         .0155776613     9.424777960769379000   0.   0.   0.   0.   0.   0.   0.   0.   0.   0.   0.   0.   0.
  14.        -.0103828687        -.0103828687         .0172797234    10.210176124166830000   0.   0.   0.   0.   0.   0.   0.   0.   0.   0.   0.   0.   0.
  15.         .0000000000        -.0148593750         .0190062316    10.995574287564280000   0.   0.   0.   0.   0.   0.   0.   0.   0.   0.   0.   0.   0.
  16.         .0105817425        -.0105817425         .0207490402    11.780972450961730000   0.   0.   0.   0.   0.   0.   0.   0.   0.   0.   0.   0.   0.
  17.         .0150000000         .0000000000         .0225000000    12.566370614359180000   0.   0.   0.   0.   0.   0.   0.   0.   0.   0.   0.   0.   0.
  18.         .0105817425         .0105817425         .0242509598    13.351768777756630000   0.   0.   0.   0.   0.   0.   0.   0.   0.   0.   0.   0.   0.
  19.         .0000000000         .0148593750         .0259937684    14.137166941154070000   0.   0.   0.   0.   0.   0.   0.   0.   0.   0.   0.   0.   0.
  20.        -.0103828687         .0103828687         .0277202766    14.922565104551520000   0.   0.   0.   0.   0.   0.   0.   0.   0.   0.   0.   0.   0.
  21.        -.0144375000         .0000000000         .0294223387    15.707963267948970000   0.   0.   0.   0.   0.   0.   0.   0.   0.   0.   0.   0.   0.
  22.        -.0099851211        -.0099851211         .0310918149    16.493361431346420000   0.   0.   0.   0.   0.   0.   0.   0.   0.   0.   0.   0.   0.
  23.         .0000000000        -.0137343750         .0327205741    17.278759594743870000   0.   0.   0.   0.   0.   0.   0.   0.   0.   0.   0.   0.   0.
  24.         .0093884998        -.0093884998         .0343004971    18.064157758141320000   0.   0.   0.   0.   0.   0.   0.   0.   0.   0.   0.   0.   0.
  25.         .0127500000         .0000000000         .0358234810    18.849555921538770000   0.   0.   0.   0.   0.   0.   0.   0.   0.   0.   0.   0.   0.
  26.         .0085930047         .0085930047         .0372814455    19.634954084936220000   0.   0.   0.   0.   0.   0.   0.   0.   0.   0.   0.   0.   0.
  27.         .0000000000         .0114843750         .0386663415    20.420352248333670000   0.   0.   0.   0.   0.   0.   0.   0.   0.   0.   0.   0.   0.
  28.        -.0075986358         .0075986358         .0399701640    21.205750411731120000   0.   0.   0.   0.   0.   0.   0.   0.   0.   0.   0.   0.   0.
  29.        -.0099375000         .0000000000         .0411849717    21.991148575128570000   0.   0.   0.   0.   0.   0.   0.   0.   0.   0.   0.   0.   0.
  30.        -.0064053931        -.0064053931         .0423029184    22.776546738526020000   0.   0.   0.   0.   0.   0.   0.   0.   0.   0.   0.   0.   0.
  31.         .0000000000        -.0081093750         .0433163057    23.561944901923460000   0.   0.   0.   0.   0.   0.   0.   0.   0.   0.   0.   0.   0.
  32.         .0050132766        -.0050132766         .0442176773    24.347343065320910000   0.   0.   0.   0.   0.   0.   0.   0.   0.   0.   0.   0.   0.
  33.         .0060000000         .0000000000         .0450000000    25.132741228718360000   0.   0.   0.   0.   0.   0.   1.   1.   1.   1.   1.   1.   1.
 #BLOK005#MALZNO E1 E2 E3  P12  P13  P23  G12  G31  G23  TET ROU BIT
    1    0   210000000000.0000               .0000               .0000   .3000   .0000   .0000    80769230769.2308               .0000               .0000          .0000      7850.0000   1.
 #BLOK006#ELNO 1.Dügüm  2.Dügüm  IBIT
    1    1    2    0
    2    2    3    0
    3    3    4    0
    4    4    5    0
    5    5    6    0
    6    6    7    0
    7    7    8    0
    8    8    9    0
    9    9   10    0
   10   10   11    0
   11   11   12    0
   12   12   13    0
   13   13   14    0
   14   14   15    0
   15   15   16    0
   16   16   17    0
   17   17   18    0
   18   18   19    0
   19   19   20    0
   20   20   21    0
   21   21   22    0
   22   22   23    0
   23   23   24    0
   24   24   25    0
   25   25   26    0
   26   26   27    0
   27   27   28    0
   28   28   29    0
   29   29   30    0
   30   30   31    0
   31   31   32    0
   32   32   33    1
 #BLOK007# TIP K1  K2  K3  K4  K5  K6  MALZEME TIPI
   1.      .00100000      .00000000      .00000000      .00000000      .00000000      .00000000   1.
 #BLOK011# ZEMIN PARAMETRELERi
              .00000              .00000              .00000              .00000              .00000              .00000              .00000              .00000              .00000
              .00000              .00000              .00000              .00000              .00000              .00000              .00000              .00000              .00000
