 #BLOK001# 3DCUBUK PROBLEMI
   0.   1.   0.    .0000000000    0    2    1   12    0    1
 #BLOK003# R1    R2    R3    R4  H  Alfa1 Alfa2 Tur
    3    1    5    1    2    1
       .0090000000       .0150000000       .0000000000       .0000000000         .0450000000        7.8339508105         .0000000000        4.00000      32.0
 #BLOK004# NOD X  Y  Z  ACI Ux  Uy  Uz  Dx  Dy  Dz  Tx Ty  Tz Mx  My  Mz  IBIT
   1.         .0090000000         .0000000000         .0000000000      .000000000000000000   1.   1.   1.   1.   1.   1.   0.   0.   0.   0.   0.   0.   0.
   2.         .0068777183         .0068777183         .0010171538      .785398163397448300   0.   0.   0.   0.   0.   0.   0.   0.   0.   0.   0.   0.   0.
   3.         .0000000000         .0104062500         .0021093720     1.570796326794897000   0.   0.   0.   0.   0.   0.   0.   0.   0.   0.   0.   0.   0.
   4.        -.0078057960         .0078057960         .0032717581     2.356194490192345000   0.   0.   0.   0.   0.   0.   0.   0.   0.   0.   0.   0.   0.
   5.        -.0116250000         .0000000000         .0044993769     3.141592653589793000   0.   0.   0.   0.   0.   0.   0.   0.   0.   0.   0.   0.   0.
   6.        -.0086012911        -.0086012911         .0057872664     3.926990816987241000   0.   0.   0.   0.   0.   0.   0.   0.   0.   0.   0.   0.   0.
   7.         .0000000000        -.0126562500         .0071304448     4.712388980384690000   0.   0.   0.   0.   0.   0.   0.   0.   0.   0.   0.   0.   0.
   8.         .0092642037        -.0092642037         .0085239156     5.497787143782138000   0.   0.   0.   0.   0.   0.   0.   0.   0.   0.   0.   0.   0.
   9.         .0135000000         .0000000000         .0099626711     6.283185307179586000   0.   0.   0.   0.   0.   0.   0.   0.   0.   0.   0.   0.   0.
  10.         .0097945338         .0097945338         .0114416955     7.068583470577035000   0.   0.   0.   0.   0.   0.   0.   0.   0.   0.   0.   0.   0.
  11.         .0000000000         .0141562500         .0129559661     7.853981633974483000   0.   0.   0.   0.   0.   0.   0.   0.   0.   0.   0.   0.   0.
  12.        -.0101922813         .0101922813         .0145004556     8.639379797371930000   0.   0.   0.   0.   0.   0.   0.   0.   0.   0.   0.   0.   0.
  13.        -.0146250000         .0000000000         .0160701326     9.424777960769379000   0.   0.   0.   0.   0.   0.   0.   0.   0.   0.   0.   0.   0.
  14.        -.0104574464        -.0104574464         .0176599628    10.210176124166830000   0.   0.   0.   0.   0.   0.   0.   0.   0.   0.   0.   0.   0.
  15.         .0000000000        -.0149062500         .0192649096    10.995574287564280000   0.   0.   0.   0.   0.   0.   0.   0.   0.   0.   0.   0.   0.
  16.         .0105900289        -.0105900289         .0208799350    11.780972450961730000   0.   0.   0.   0.   0.   0.   0.   0.   0.   0.   0.   0.   0.
  17.         .0150000000         .0000000000         .0225000000    12.566370614359180000   0.   0.   0.   0.   0.   0.   0.   0.   0.   0.   0.   0.   0.
  18.         .0105900289         .0105900289         .0241200650    13.351768777756630000   0.   0.   0.   0.   0.   0.   0.   0.   0.   0.   0.   0.   0.
  19.         .0000000000         .0149062500         .0257350904    14.137166941154070000   0.   0.   0.   0.   0.   0.   0.   0.   0.   0.   0.   0.   0.
  20.        -.0104574464         .0104574464         .0273400372    14.922565104551520000   0.   0.   0.   0.   0.   0.   0.   0.   0.   0.   0.   0.   0.
  21.        -.0146250000         .0000000000         .0289298674    15.707963267948970000   0.   0.   0.   0.   0.   0.   0.   0.   0.   0.   0.   0.   0.
  22.        -.0101922813        -.0101922813         .0304995444    16.493361431346420000   0.   0.   0.   0.   0.   0.   0.   0.   0.   0.   0.   0.   0.
  23.         .0000000000        -.0141562500         .0320440339    17.278759594743870000   0.   0.   0.   0.   0.   0.   0.   0.   0.   0.   0.   0.   0.
  24.         .0097945338        -.0097945338         .0335583045    18.064157758141320000   0.   0.   0.   0.   0.   0.   0.   0.   0.   0.   0.   0.   0.
  25.         .0135000000         .0000000000         .0350373289    18.849555921538770000   0.   0.   0.   0.   0.   0.   0.   0.   0.   0.   0.   0.   0.
  26.         .0092642037         .0092642037         .0364760844    19.634954084936220000   0.   0.   0.   0.   0.   0.   0.   0.   0.   0.   0.   0.   0.
  27.         .0000000000         .0126562500         .0378695552    20.420352248333670000   0.   0.   0.   0.   0.   0.   0.   0.   0.   0.   0.   0.   0.
  28.        -.0086012911         .0086012911         .0392127336    21.205750411731120000   0.   0.   0.   0.   0.   0.   0.   0.   0.   0.   0.   0.   0.
  29.        -.0116250000         .0000000000         .0405006231    21.991148575128570000   0.   0.   0.   0.   0.   0.   0.   0.   0.   0.   0.   0.   0.
  30.        -.0078057960        -.0078057960         .0417282419    22.776546738526020000   0.   0.   0.   0.   0.   0.   0.   0.   0.   0.   0.   0.   0.
  31.         .0000000000        -.0104062500         .0428906280    23.561944901923460000   0.   0.   0.   0.   0.   0.   0.   0.   0.   0.   0.   0.   0.
  32.         .0068777183        -.0068777183         .0439828462    24.347343065320910000   0.   0.   0.   0.   0.   0.   0.   0.   0.   0.   0.   0.   0.
  33.         .0090000000         .0000000000         .0450000000    25.132741228718360000   0.   0.   0.   0.   0.   0.   1.   1.   1.   1.   1.   1.   1.
 #BLOK005#MALZNO E1 E2 E3  P12  P13  P23  G12  G31  G23  TET ROU BIT
    1    0   210000000000.0000               .0000               .0000   .3000   .0000   .0000    80769230769.2308               .0000               .0000          .0000      7850.0000   1.
 #BLOK006#ELNO 1.Dügüm  2.Dügüm  IBIT
    1    1    2    0
    2    2    3    0
    3    3    4    0
    4    4    5    0
    5    5    6    0
    6    6    7    0
    7    7    8    0
    8    8    9    0
    9    9   10    0
   10   10   11    0
   11   11   12    0
   12   12   13    0
   13   13   14    0
   14   14   15    0
   15   15   16    0
   16   16   17    0
   17   17   18    0
   18   18   19    0
   19   19   20    0
   20   20   21    0
   21   21   22    0
   22   22   23    0
   23   23   24    0
   24   24   25    0
   25   25   26    0
   26   26   27    0
   27   27   28    0
   28   28   29    0
   29   29   30    0
   30   30   31    0
   31   31   32    0
   32   32   33    1
 #BLOK007# TIP K1  K2  K3  K4  K5  K6  MALZEME TIPI
   1.      .00100000      .00000000      .00000000      .00000000      .00000000      .00000000   1.
 #BLOK011# ZEMIN PARAMETRELERi
              .00000              .00000              .00000              .00000              .00000              .00000              .00000              .00000              .00000
              .00000              .00000              .00000              .00000              .00000              .00000              .00000              .00000              .00000
