3DCUBUK PROBLEMI  
   0.   1.   0.  0.  0    2    1   12    1
TABAKA MALZEME BILGILERI      
1   0   210000000000.0000              0.0000              0.0000   .3000   .0000   .0000              0.0000              0.0000              0.0000         0.0000     7850.0000   1.
KESiT TIPI-BOYUTLARI-KOORDiNAT-MALZEME TIPI
   1.      .001      0.   0.    0.   0.      0.   1.
3DCUBUK IDNUMARA
   3     1      5      1    2    1
3DCUBUK GEOMETRiSi
 0.006    0.015     0.    0.  0.045    0.     0.    4.  240.
MESNETLER  
   1.   1.   1.   1.   1.   1.   0.   0.   0.   0.   0.   0.   0.
   0.   0.   0.   0.   0.   0.   1.   1.   1.   1.   1.   1.   1.
MESNETLi DUGUM NOKTALARI
   1.    0.    0.    0.    0.    0.    0.    0.    0.    0.    0.    0.
 241.    0.    0.    0.    0.    0.    0.    0.    0.    0.    0.    1.
ZEMIN PARAMETRELERI
            0.0000            0.0000            0.0000            0.0000            0.0000            0.0000            0.0000            0.0000            0.0000
            0.0000            0.0000            0.0000            0.0000            0.0000            0.0000            0.0000            0.0000            0.0000
