 #BLOK001# 3DCUBUK PROBLEMI
   0.   1.   0.    .0000000000    0    2    1   12    0    1
 #BLOK003# R1    R2    R3    R4  H  Alfa1 Alfa2 Tur
    3    1    5    1    2    1
       .0060000000       .0150000000       .0000000000       .0000000000         .0450000000        8.4602271183         .0000000000        4.00000      16.0
 #BLOK004# NOD X  Y  Z  ACI Ux  Uy  Uz  Dx  Dy  Dz  Tx Ty  Tz Mx  My  Mz  IBIT
   1.         .0060000000         .0000000000         .0000000000      .000000000000000000   1.   1.   1.   1.   1.   1.   0.   0.   0.   0.   0.   0.   0.
   2.         .0000000000         .0081093750         .0016836943     1.570796326794897000   0.   0.   0.   0.   0.   0.   0.   0.   0.   0.   0.   0.   0.
   3.        -.0099375000         .0000000000         .0038150283     3.141592653589793000   0.   0.   0.   0.   0.   0.   0.   0.   0.   0.   0.   0.   0.
   4.         .0000000000        -.0114843750         .0063336585     4.712388980384690000   0.   0.   0.   0.   0.   0.   0.   0.   0.   0.   0.   0.   0.
   5.         .0127500000         .0000000000         .0091765190     6.283185307179586000   0.   0.   0.   0.   0.   0.   0.   0.   0.   0.   0.   0.   0.
   6.         .0000000000         .0137343750         .0122794259     7.853981633974483000   0.   0.   0.   0.   0.   0.   0.   0.   0.   0.   0.   0.   0.
   7.        -.0144375000         .0000000000         .0155776613     9.424777960769379000   0.   0.   0.   0.   0.   0.   0.   0.   0.   0.   0.   0.   0.
   8.         .0000000000        -.0148593750         .0190062316    10.995574287564280000   0.   0.   0.   0.   0.   0.   0.   0.   0.   0.   0.   0.   0.
   9.         .0150000000         .0000000000         .0225000000    12.566370614359170000   0.   0.   0.   0.   0.   0.   0.   0.   0.   0.   0.   0.   0.
  10.         .0000000000         .0148593750         .0259937684    14.137166941154070000   0.   0.   0.   0.   0.   0.   0.   0.   0.   0.   0.   0.   0.
  11.        -.0144375000         .0000000000         .0294223387    15.707963267948970000   0.   0.   0.   0.   0.   0.   0.   0.   0.   0.   0.   0.   0.
  12.         .0000000000        -.0137343750         .0327205741    17.278759594743860000   0.   0.   0.   0.   0.   0.   0.   0.   0.   0.   0.   0.   0.
  13.         .0127500000         .0000000000         .0358234810    18.849555921538760000   0.   0.   0.   0.   0.   0.   0.   0.   0.   0.   0.   0.   0.
  14.         .0000000000         .0114843750         .0386663415    20.420352248333660000   0.   0.   0.   0.   0.   0.   0.   0.   0.   0.   0.   0.   0.
  15.        -.0099375000         .0000000000         .0411849717    21.991148575128560000   0.   0.   0.   0.   0.   0.   0.   0.   0.   0.   0.   0.   0.
  16.         .0000000000        -.0081093750         .0433163057    23.561944901923450000   0.   0.   0.   0.   0.   0.   0.   0.   0.   0.   0.   0.   0.
  17.         .0060000000         .0000000000         .0450000000    25.132741228718350000   0.   0.   0.   0.   0.   0.   1.   1.   1.   1.   1.   1.   1.
 #BLOK005#MALZNO E1 E2 E3  P12  P13  P23  G12  G31  G23  TET ROU BIT
    1    0   210000000000.0000               .0000               .0000   .3000   .0000   .0000    80769230769.2308               .0000               .0000          .0000      7850.0000   1.
 #BLOK006#ELNO 1.Dügüm  2.Dügüm  IBIT
    1    1    2    0
    2    2    3    0
    3    3    4    0
    4    4    5    0
    5    5    6    0
    6    6    7    0
    7    7    8    0
    8    8    9    0
    9    9   10    0
   10   10   11    0
   11   11   12    0
   12   12   13    0
   13   13   14    0
   14   14   15    0
   15   15   16    0
   16   16   17    1
 #BLOK007# TIP K1  K2  K3  K4  K5  K6  MALZEME TIPI
   1.      .00100000      .00000000      .00000000      .00000000      .00000000      .00000000   1.
 #BLOK011# ZEMIN PARAMETRELERi
              .00000              .00000              .00000              .00000              .00000              .00000              .00000              .00000              .00000
              .00000              .00000              .00000              .00000              .00000              .00000              .00000              .00000              .00000
