 #BLOK001# 3DCUBUK PROBLEMI
   0.   1.   0.    .0000000000    0    2    1   12    0    1
 #BLOK003# R1    R2    R3    R4  H  Alfa1 Alfa2 Tur
    3    1    5    1    2    1
       .0090000000       .0150000000       .0000000000       .0000000000         .0450000000        7.8339508105         .0000000000        4.00000     240.0
 #BLOK004# NOD X  Y  Z  ACI Ux  Uy  Uz  Dx  Dy  Dz  Tx Ty  Tz Mx  My  Mz  IBIT
   1.         .0090000000         .0000000000         .0000000000      .000000000000000000   1.   1.   1.   1.   1.   1.   0.   0.   0.   0.   0.   0.   0.
   2.         .0090497349         .0009511655         .0001311087      .104719755119659800   0.   0.   0.   0.   0.   0.   0.   0.   0.   0.   0.   0.   0.
   3.         .0089973277         .0019124410         .0002636267      .209439510239319500   0.   0.   0.   0.   0.   0.   0.   0.   0.   0.   0.   0.   0.
   4.         .0088412591         .0028726992         .0003975424      .314159265358979300   0.   0.   0.   0.   0.   0.   0.   0.   0.   0.   0.   0.   0.
   5.         .0085812370         .0038206129         .0005328446      .418879020478639100   0.   0.   0.   0.   0.   0.   0.   0.   0.   0.   0.   0.   0.
   6.         .0082182202         .0047447917         .0006695216      .523598775598298800   0.   0.   0.   0.   0.   0.   0.   0.   0.   0.   0.   0.   0.
   7.         .0077544279         .0056339216         .0008075620      .628318530717958600   0.   0.   0.   0.   0.   0.   0.   0.   0.   0.   0.   0.   0.
   8.         .0071933323         .0064769055         .0009469543      .733038285837618400   0.   0.   0.   0.   0.   0.   0.   0.   0.   0.   0.   0.   0.
   9.         .0065396365         .0072630021         .0010876869      .837758040957278200   0.   0.   0.   0.   0.   0.   0.   0.   0.   0.   0.   0.   0.
  10.         .0057992362         .0079819639         .0012297483      .942477796076938100   0.   0.   0.   0.   0.   0.   0.   0.   0.   0.   0.   0.   0.
  11.         .0049791667         .0086241696         .0013731269     1.047197551196598000   0.   0.   0.   0.   0.   0.   0.   0.   0.   0.   0.   0.   0.
  12.         .0040875338         .0091807512         .0015178111     1.151917306316258000   0.   0.   0.   0.   0.   0.   0.   0.   0.   0.   0.   0.   0.
  13.         .0031334323         .0096437131         .0016637894     1.256637061435917000   0.   0.   0.   0.   0.   0.   0.   0.   0.   0.   0.   0.   0.
  14.         .0021268500         .0100060424         .0018110500     1.361356816555577000   0.   0.   0.   0.   0.   0.   0.   0.   0.   0.   0.   0.   0.
  15.         .0010785595         .0102618084         .0019595815     1.466076571675237000   0.   0.   0.   0.   0.   0.   0.   0.   0.   0.   0.   0.   0.
  16.         .0000000000         .0104062500         .0021093720     1.570796326794896000   0.   0.   0.   0.   0.   0.   0.   0.   0.   0.   0.   0.   0.
  17.        -.0010968520         .0104358498         .0022604101     1.675516081914556000   0.   0.   0.   0.   0.   0.   0.   0.   0.   0.   0.   0.   0.
  18.        -.0021996191         .0103483941         .0024126839     1.780235837034216000   0.   0.   0.   0.   0.   0.   0.   0.   0.   0.   0.   0.   0.
  19.        -.0032956662         .0101430177         .0025661819     1.884955592153875000   0.   0.   0.   0.   0.   0.   0.   0.   0.   0.   0.   0.   0.
  20.        -.0043722494         .0098202330         .0027208924     1.989675347273535000   0.   0.   0.   0.   0.   0.   0.   0.   0.   0.   0.   0.   0.
  21.        -.0054166667         .0093819419         .0028768036     2.094395102393195000   0.   0.   0.   0.   0.   0.   0.   0.   0.   0.   0.   0.   0.
  22.        -.0064164108         .0088314318         .0030339039     2.199114857512855000   0.   0.   0.   0.   0.   0.   0.   0.   0.   0.   0.   0.   0.
  23.        -.0073593215         .0081733545         .0031921814     2.303834612632515000   0.   0.   0.   0.   0.   0.   0.   0.   0.   0.   0.   0.   0.
  24.        -.0082337350         .0074136883         .0033516246     2.408554367752175000   0.   0.   0.   0.   0.   0.   0.   0.   0.   0.   0.   0.   0.
  25.        -.0090286297         .0065596834         .0035122216     2.513274122871835000   0.   0.   0.   0.   0.   0.   0.   0.   0.   0.   0.   0.   0.
  26.        -.0097337647         .0056197917         .0036739608     2.617993877991494000   0.   0.   0.   0.   0.   0.   0.   0.   0.   0.   0.   0.   0.
  27.        -.0103398120         .0046035809         .0038368303     2.722713633111154000   0.   0.   0.   0.   0.   0.   0.   0.   0.   0.   0.   0.   0.
  28.        -.0108384778         .0035216349         .0040008185     2.827433388230814000   0.   0.   0.   0.   0.   0.   0.   0.   0.   0.   0.   0.   0.
  29.        -.0112226135         .0023854401         .0041659135     2.932153143350474000   0.   0.   0.   0.   0.   0.   0.   0.   0.   0.   0.   0.   0.
  30.        -.0114863135         .0012072602         .0043321035     3.036872898470134000   0.   0.   0.   0.   0.   0.   0.   0.   0.   0.   0.   0.   0.
  31.        -.0116250000         .0000000000         .0044993769     3.141592653589794000   0.   0.   0.   0.   0.   0.   0.   0.   0.   0.   0.   0.   0.
  32.        -.0116354918        -.0012229395         .0046677218     3.246312408709454000   0.   0.   0.   0.   0.   0.   0.   0.   0.   0.   0.   0.   0.
  33.        -.0115160578        -.0024478136         .0048371263     3.351032163829114000   0.   0.   0.   0.   0.   0.   0.   0.   0.   0.   0.   0.   0.
  34.        -.0112664533        -.0036606926         .0050075788     3.455751918948774000   0.   0.   0.   0.   0.   0.   0.   0.   0.   0.   0.   0.   0.
  35.        -.0108879393        -.0048476229         .0051790674     3.560471674068434000   0.   0.   0.   0.   0.   0.   0.   0.   0.   0.   0.   0.   0.
  36.        -.0103832837        -.0059947917         .0053515804     3.665191429188094000   0.   0.   0.   0.   0.   0.   0.   0.   0.   0.   0.   0.   0.
  37.        -.0097567450        -.0070886901         .0055251058     3.769911184307754000   0.   0.   0.   0.   0.   0.   0.   0.   0.   0.   0.   0.   0.
  38.        -.0090140371        -.0081162755         .0056996318     3.874630939427413000   0.   0.   0.   0.   0.   0.   0.   0.   0.   0.   0.   0.   0.
  39.        -.0081622782        -.0090651283         .0058751468     3.979350694547073000   0.   0.   0.   0.   0.   0.   0.   0.   0.   0.   0.   0.   0.
  40.        -.0072099209        -.0099236047         .0060516387     4.084070449666733000   0.   0.   0.   0.   0.   0.   0.   0.   0.   0.   0.   0.   0.
  41.        -.0061666667        -.0106809800         .0062290959     4.188790204786392000   0.   0.   0.   0.   0.   0.   0.   0.   0.   0.   0.   0.   0.
  42.        -.0050433649        -.0113275830         .0064075063     4.293509959906052000   0.   0.   0.   0.   0.   0.   0.   0.   0.   0.   0.   0.   0.
  43.        -.0038518968        -.0118549195         .0065868583     4.398229715025711000   0.   0.   0.   0.   0.   0.   0.   0.   0.   0.   0.   0.   0.
  44.        -.0026050469        -.0122557819         .0067671400     4.502949470145371000   0.   0.   0.   0.   0.   0.   0.   0.   0.   0.   0.   0.   0.
  45.        -.0013163618        -.0125243457         .0069483394     4.607669225265030000   0.   0.   0.   0.   0.   0.   0.   0.   0.   0.   0.   0.   0.
  46.         .0000000000        -.0126562500         .0071304448     4.712388980384690000   0.   0.   0.   0.   0.   0.   0.   0.   0.   0.   0.   0.   0.
  47.         .0013294278        -.0126486610         .0073134444     4.817108735504349000   0.   0.   0.   0.   0.   0.   0.   0.   0.   0.   0.   0.   0.
  48.         .0026570248        -.0125003188         .0074973261     4.921828490624009000   0.   0.   0.   0.   0.   0.   0.   0.   0.   0.   0.   0.   0.
  49.         .0039677782        -.0122115657         .0076820783     5.026548245743668000   0.   0.   0.   0.   0.   0.   0.   0.   0.   0.   0.   0.   0.
  50.         .0052467332        -.0117843558         .0078676889     5.131268000863328000   0.   0.   0.   0.   0.   0.   0.   0.   0.   0.   0.   0.   0.
  51.         .0064791667        -.0112222459         .0080541462     5.235987755982987000   0.   0.   0.   0.   0.   0.   0.   0.   0.   0.   0.   0.   0.
  52.         .0076507598        -.0105303675         .0082414383     5.340707511102647000   0.   0.   0.   0.   0.   0.   0.   0.   0.   0.   0.   0.   0.
  53.         .0087477675        -.0097153800         .0084295532     5.445427266222306000   0.   0.   0.   0.   0.   0.   0.   0.   0.   0.   0.   0.   0.
  54.         .0097571819        -.0087854061         .0086184792     5.550147021341966000   0.   0.   0.   0.   0.   0.   0.   0.   0.   0.   0.   0.   0.
  55.         .0106668891        -.0077499486         .0088082043     5.654866776461625000   0.   0.   0.   0.   0.   0.   0.   0.   0.   0.   0.   0.   0.
  56.         .0114658155        -.0066197917         .0089987167     5.759586531581284000   0.   0.   0.   0.   0.   0.   0.   0.   0.   0.   0.   0.   0.
  57.         .0121440643        -.0054068858         .0091900044     5.864306286700944000   0.   0.   0.   0.   0.   0.   0.   0.   0.   0.   0.   0.   0.
  58.         .0126930380        -.0041242181         .0093820556     5.969026041820603000   0.   0.   0.   0.   0.   0.   0.   0.   0.   0.   0.   0.   0.
  59.         .0131055476        -.0027856701         .0095748584     6.073745796940263000   0.   0.   0.   0.   0.   0.   0.   0.   0.   0.   0.   0.   0.
  60.         .0133759051        -.0014058643         .0097684008     6.178465552059922000   0.   0.   0.   0.   0.   0.   0.   0.   0.   0.   0.   0.   0.
  61.         .0135000000         .0000000000         .0099626711     6.283185307179582000   0.   0.   0.   0.   0.   0.   0.   0.   0.   0.   0.   0.   0.
  62.         .0134753573         .0014163171         .0101576573     6.387905062299241000   0.   0.   0.   0.   0.   0.   0.   0.   0.   0.   0.   0.   0.
  63.         .0133011771         .0028272525         .0103533475     6.492624817418901000   0.   0.   0.   0.   0.   0.   0.   0.   0.   0.   0.   0.   0.
  64.         .0129783550         .0042169232         .0105497297     6.597344572538560000   0.   0.   0.   0.   0.   0.   0.   0.   0.   0.   0.   0.   0.
  65.         .0125094825         .0055695804         .0107467922     6.702064327658220000   0.   0.   0.   0.   0.   0.   0.   0.   0.   0.   0.   0.   0.
  66.         .0118988282         .0068697917         .0109445229     6.806784082777879000   0.   0.   0.   0.   0.   0.   0.   0.   0.   0.   0.   0.   0.
  67.         .0111522993         .0081026197         .0111429101     6.911503837897539000   0.   0.   0.   0.   0.   0.   0.   0.   0.   0.   0.   0.   0.
  68.         .0102773833         .0092537975         .0113419417     7.016223593017198000   0.   0.   0.   0.   0.   0.   0.   0.   0.   0.   0.   0.   0.
  69.         .0092830719         .0103098959         .0115416059     7.120943348136858000   0.   0.   0.   0.   0.   0.   0.   0.   0.   0.   0.   0.   0.
  70.         .0081797665         .0112584827         .0117418907     7.225663103256517000   0.   0.   0.   0.   0.   0.   0.   0.   0.   0.   0.   0.   0.
  71.         .0069791667         .0120882713         .0119427843     7.330382858376177000   0.   0.   0.   0.   0.   0.   0.   0.   0.   0.   0.   0.   0.
  72.         .0056941435         .0127892558         .0121442747     7.435102613495836000   0.   0.   0.   0.   0.   0.   0.   0.   0.   0.   0.   0.   0.
  73.         .0043385986         .0133528335         .0123463500     7.539822368615496000   0.   0.   0.   0.   0.   0.   0.   0.   0.   0.   0.   0.   0.
  74.         .0029273100         .0137719107         .0125489983     7.644542123735155000   0.   0.   0.   0.   0.   0.   0.   0.   0.   0.   0.   0.   0.
  75.         .0014757677         .0140409916         .0127522076     7.749261878854814000   0.   0.   0.   0.   0.   0.   0.   0.   0.   0.   0.   0.   0.
  76.         .0000000000         .0141562500         .0129559661     7.853981633974474000   0.   0.   0.   0.   0.   0.   0.   0.   0.   0.   0.   0.   0.
  77.        -.0014836073         .0141155808         .0131602619     7.958701389094133000   0.   0.   0.   0.   0.   0.   0.   0.   0.   0.   0.   0.   0.
  78.        -.0029584967         .0139186328         .0133650829     8.063421144213793000   0.   0.   0.   0.   0.   0.   0.   0.   0.   0.   0.   0.   0.
  79.        -.0044081274         .0135668212         .0135704174     8.168140899333453000   0.   0.   0.   0.   0.   0.   0.   0.   0.   0.   0.   0.   0.
  80.        -.0058161645         .0130633194         .0137762532     8.272860654453114000   0.   0.   0.   0.   0.   0.   0.   0.   0.   0.   0.   0.   0.
  81.        -.0071666667         .0124130308         .0139825787     8.377580409572774000   0.   0.   0.   0.   0.   0.   0.   0.   0.   0.   0.   0.   0.
  82.        -.0084442699         .0116225404         .0141893817     8.482300164692434000   0.   0.   0.   0.   0.   0.   0.   0.   0.   0.   0.   0.   0.
  83.        -.0096343655         .0107000469         .0143966504     8.587019919812095000   0.   0.   0.   0.   0.   0.   0.   0.   0.   0.   0.   0.   0.
  84.        -.0107232702         .0096552758         .0146043728     8.691739674931755000   0.   0.   0.   0.   0.   0.   0.   0.   0.   0.   0.   0.   0.
  85.        -.0116983857         .0084993747         .0148125371     8.796459430051415000   0.   0.   0.   0.   0.   0.   0.   0.   0.   0.   0.   0.   0.
  86.        -.0125483473         .0072447917         .0150211313     8.901179185171076000   0.   0.   0.   0.   0.   0.   0.   0.   0.   0.   0.   0.   0.
  87.        -.0132631575         .0059051382         .0152301434     9.005898940290736000   0.   0.   0.   0.   0.   0.   0.   0.   0.   0.   0.   0.   0.
  88.        -.0138343059         .0044950385         .0154395615     9.110618695410397000   0.   0.   0.   0.   0.   0.   0.   0.   0.   0.   0.   0.   0.
  89.        -.0142548710         .0030299664         .0156493737     9.215338450530057000   0.   0.   0.   0.   0.   0.   0.   0.   0.   0.   0.   0.   0.
  90.        -.0145196053         .0015260720         .0158595681     9.320058205649717000   0.   0.   0.   0.   0.   0.   0.   0.   0.   0.   0.   0.   0.
  91.        -.0146250000         .0000000000         .0160701326     9.424777960769378000   0.   0.   0.   0.   0.   0.   0.   0.   0.   0.   0.   0.   0.
  92.        -.0145693314        -.0015312984         .0162810555     9.529497715889038000   0.   0.   0.   0.   0.   0.   0.   0.   0.   0.   0.   0.   0.
  93.        -.0143526858        -.0030507575         .0164923247     9.634217471008698000   0.   0.   0.   0.   0.   0.   0.   0.   0.   0.   0.   0.   0.
  94.        -.0139769643        -.0045413910         .0167039283     9.738937226128359000   0.   0.   0.   0.   0.   0.   0.   0.   0.   0.   0.   0.   0.
  95.        -.0134458666        -.0059864855         .0169158544     9.843656981248019000   0.   0.   0.   0.   0.   0.   0.   0.   0.   0.   0.   0.   0.
  96.        -.0127648536        -.0073697917         .0171280910     9.948376736367679000   0.   0.   0.   0.   0.   0.   0.   0.   0.   0.   0.   0.   0.
  97.        -.0119410908        -.0086757103         .0173406262    10.053096491487340000   0.   0.   0.   0.   0.   0.   0.   0.   0.   0.   0.   0.   0.
  98.        -.0109833709        -.0098894716         .0175534481    10.157816246607000000   0.   0.   0.   0.   0.   0.   0.   0.   0.   0.   0.   0.   0.
  99.        -.0099020178        -.0109973048         .0177665447    10.262536001726660000   0.   0.   0.   0.   0.   0.   0.   0.   0.   0.   0.   0.   0.
 100.        -.0087087732        -.0119865980         .0179799040    10.367255756846320000   0.   0.   0.   0.   0.   0.   0.   0.   0.   0.   0.   0.   0.
 101.        -.0074166667        -.0128460435         .0181935142    10.471975511965980000   0.   0.   0.   0.   0.   0.   0.   0.   0.   0.   0.   0.   0.
 102.        -.0060398697        -.0135657694         .0184073633    10.576695267085640000   0.   0.   0.   0.   0.   0.   0.   0.   0.   0.   0.   0.   0.
 103.        -.0045935376        -.0141374551         .0186214393    10.681415022205300000   0.   0.   0.   0.   0.   0.   0.   0.   0.   0.   0.   0.   0.
 104.        -.0030936393        -.0145544287         .0188357303    10.786134777324960000   0.   0.   0.   0.   0.   0.   0.   0.   0.   0.   0.   0.   0.
 105.        -.0015567772        -.0148117461         .0190502244    10.890854532444620000   0.   0.   0.   0.   0.   0.   0.   0.   0.   0.   0.   0.   0.
 106.         .0000000000        -.0149062500         .0192649096    10.995574287564280000   0.   0.   0.   0.   0.   0.   0.   0.   0.   0.   0.   0.   0.
 107.         .0015593905        -.0148366091         .0194797740    11.100294042683940000   0.   0.   0.   0.   0.   0.   0.   0.   0.   0.   0.   0.   0.
 108.         .0031040349        -.0146033361         .0196948056    11.205013797803600000   0.   0.   0.   0.   0.   0.   0.   0.   0.   0.   0.   0.   0.
 109.         .0046167139        -.0142087844         .0199099925    11.309733552923260000   0.   0.   0.   0.   0.   0.   0.   0.   0.   0.   0.   0.   0.
 110.         .0060805433        -.0136571239         .0201253228    11.414453308042920000   0.   0.   0.   0.   0.   0.   0.   0.   0.   0.   0.   0.   0.
 111.         .0074791667        -.0129542967         .0203407844    11.519173063162590000   0.   0.   0.   0.   0.   0.   0.   0.   0.   0.   0.   0.   0.
 112.         .0087969410        -.0121079506         .0205563655    11.623892818282250000   0.   0.   0.   0.   0.   0.   0.   0.   0.   0.   0.   0.   0.
 113.         .0100191156        -.0111273552         .0207720541    11.728612573401910000   0.   0.   0.   0.   0.   0.   0.   0.   0.   0.   0.   0.   0.
 114.         .0111319998        -.0100232977         .0209878383    11.833332328521570000   0.   0.   0.   0.   0.   0.   0.   0.   0.   0.   0.   0.   0.
 115.         .0121231197        -.0088079620         .0212037061    11.938052083641230000   0.   0.   0.   0.   0.   0.   0.   0.   0.   0.   0.   0.   0.
 116.         .0129813600        -.0074947917         .0214196456    12.042771838760890000   0.   0.   0.   0.   0.   0.   0.   0.   0.   0.   0.   0.   0.
 117.         .0136970916        -.0060983381         .0216356448    12.147491593880550000   0.   0.   0.   0.   0.   0.   0.   0.   0.   0.   0.   0.   0.
 118.         .0142622813        -.0046340961         .0218516918    12.252211349000210000   0.   0.   0.   0.   0.   0.   0.   0.   0.   0.   0.   0.   0.
 119.         .0146705838        -.0031183288         .0220677746    12.356931104119870000   0.   0.   0.   0.   0.   0.   0.   0.   0.   0.   0.   0.   0.
 120.         .0149174140        -.0015678834         .0222838813    12.461650859239530000   0.   0.   0.   0.   0.   0.   0.   0.   0.   0.   0.   0.   0.
 121.         .0150000000         .0000000000         .0225000000    12.566370614359190000   0.   0.   0.   0.   0.   0.   0.   0.   0.   0.   0.   0.   0.
 122.         .0149174140         .0015678834         .0227161187    12.671090369478850000   0.   0.   0.   0.   0.   0.   0.   0.   0.   0.   0.   0.   0.
 123.         .0146705838         .0031183288         .0229322254    12.775810124598510000   0.   0.   0.   0.   0.   0.   0.   0.   0.   0.   0.   0.   0.
 124.         .0142622813         .0046340961         .0231483082    12.880529879718170000   0.   0.   0.   0.   0.   0.   0.   0.   0.   0.   0.   0.   0.
 125.         .0136970916         .0060983381         .0233643552    12.985249634837830000   0.   0.   0.   0.   0.   0.   0.   0.   0.   0.   0.   0.   0.
 126.         .0129813600         .0074947917         .0235803544    13.089969389957490000   0.   0.   0.   0.   0.   0.   0.   0.   0.   0.   0.   0.   0.
 127.         .0121231197         .0088079620         .0237962939    13.194689145077150000   0.   0.   0.   0.   0.   0.   0.   0.   0.   0.   0.   0.   0.
 128.         .0111319998         .0100232977         .0240121617    13.299408900196810000   0.   0.   0.   0.   0.   0.   0.   0.   0.   0.   0.   0.   0.
 129.         .0100191156         .0111273552         .0242279459    13.404128655316470000   0.   0.   0.   0.   0.   0.   0.   0.   0.   0.   0.   0.   0.
 130.         .0087969410         .0121079506         .0244436345    13.508848410436130000   0.   0.   0.   0.   0.   0.   0.   0.   0.   0.   0.   0.   0.
 131.         .0074791667         .0129542967         .0246592156    13.613568165555790000   0.   0.   0.   0.   0.   0.   0.   0.   0.   0.   0.   0.   0.
 132.         .0060805433         .0136571239         .0248746772    13.718287920675450000   0.   0.   0.   0.   0.   0.   0.   0.   0.   0.   0.   0.   0.
 133.         .0046167139         .0142087844         .0250900075    13.823007675795110000   0.   0.   0.   0.   0.   0.   0.   0.   0.   0.   0.   0.   0.
 134.         .0031040349         .0146033361         .0253051944    13.927727430914770000   0.   0.   0.   0.   0.   0.   0.   0.   0.   0.   0.   0.   0.
 135.         .0015593905         .0148366091         .0255202260    14.032447186034430000   0.   0.   0.   0.   0.   0.   0.   0.   0.   0.   0.   0.   0.
 136.         .0000000000         .0149062500         .0257350904    14.137166941154090000   0.   0.   0.   0.   0.   0.   0.   0.   0.   0.   0.   0.   0.
 137.        -.0015567772         .0148117461         .0259497756    14.241886696273750000   0.   0.   0.   0.   0.   0.   0.   0.   0.   0.   0.   0.   0.
 138.        -.0030936393         .0145544287         .0261642697    14.346606451393420000   0.   0.   0.   0.   0.   0.   0.   0.   0.   0.   0.   0.   0.
 139.        -.0045935376         .0141374551         .0263785607    14.451326206513080000   0.   0.   0.   0.   0.   0.   0.   0.   0.   0.   0.   0.   0.
 140.        -.0060398697         .0135657694         .0265926367    14.556045961632740000   0.   0.   0.   0.   0.   0.   0.   0.   0.   0.   0.   0.   0.
 141.        -.0074166667         .0128460435         .0268064858    14.660765716752400000   0.   0.   0.   0.   0.   0.   0.   0.   0.   0.   0.   0.   0.
 142.        -.0087087732         .0119865980         .0270200960    14.765485471872060000   0.   0.   0.   0.   0.   0.   0.   0.   0.   0.   0.   0.   0.
 143.        -.0099020178         .0109973048         .0272334553    14.870205226991720000   0.   0.   0.   0.   0.   0.   0.   0.   0.   0.   0.   0.   0.
 144.        -.0109833709         .0098894716         .0274465519    14.974924982111380000   0.   0.   0.   0.   0.   0.   0.   0.   0.   0.   0.   0.   0.
 145.        -.0119410908         .0086757103         .0276593738    15.079644737231040000   0.   0.   0.   0.   0.   0.   0.   0.   0.   0.   0.   0.   0.
 146.        -.0127648536         .0073697917         .0278719090    15.184364492350700000   0.   0.   0.   0.   0.   0.   0.   0.   0.   0.   0.   0.   0.
 147.        -.0134458666         .0059864855         .0280841456    15.289084247470360000   0.   0.   0.   0.   0.   0.   0.   0.   0.   0.   0.   0.   0.
 148.        -.0139769643         .0045413910         .0282960717    15.393804002590020000   0.   0.   0.   0.   0.   0.   0.   0.   0.   0.   0.   0.   0.
 149.        -.0143526858         .0030507575         .0285076753    15.498523757709680000   0.   0.   0.   0.   0.   0.   0.   0.   0.   0.   0.   0.   0.
 150.        -.0145693314         .0015312984         .0287189445    15.603243512829340000   0.   0.   0.   0.   0.   0.   0.   0.   0.   0.   0.   0.   0.
 151.        -.0146250000         .0000000000         .0289298674    15.707963267949000000   0.   0.   0.   0.   0.   0.   0.   0.   0.   0.   0.   0.   0.
 152.        -.0145196053        -.0015260720         .0291404319    15.812683023068660000   0.   0.   0.   0.   0.   0.   0.   0.   0.   0.   0.   0.   0.
 153.        -.0142548710        -.0030299664         .0293506263    15.917402778188320000   0.   0.   0.   0.   0.   0.   0.   0.   0.   0.   0.   0.   0.
 154.        -.0138343059        -.0044950385         .0295604385    16.022122533307980000   0.   0.   0.   0.   0.   0.   0.   0.   0.   0.   0.   0.   0.
 155.        -.0132631575        -.0059051382         .0297698566    16.126842288427640000   0.   0.   0.   0.   0.   0.   0.   0.   0.   0.   0.   0.   0.
 156.        -.0125483473        -.0072447917         .0299788687    16.231562043547300000   0.   0.   0.   0.   0.   0.   0.   0.   0.   0.   0.   0.   0.
 157.        -.0116983857        -.0084993747         .0301874629    16.336281798666960000   0.   0.   0.   0.   0.   0.   0.   0.   0.   0.   0.   0.   0.
 158.        -.0107232702        -.0096552758         .0303956272    16.441001553786620000   0.   0.   0.   0.   0.   0.   0.   0.   0.   0.   0.   0.   0.
 159.        -.0096343655        -.0107000469         .0306033496    16.545721308906280000   0.   0.   0.   0.   0.   0.   0.   0.   0.   0.   0.   0.   0.
 160.        -.0084442699        -.0116225404         .0308106183    16.650441064025940000   0.   0.   0.   0.   0.   0.   0.   0.   0.   0.   0.   0.   0.
 161.        -.0071666667        -.0124130308         .0310174213    16.755160819145600000   0.   0.   0.   0.   0.   0.   0.   0.   0.   0.   0.   0.   0.
 162.        -.0058161645        -.0130633194         .0312237468    16.859880574265260000   0.   0.   0.   0.   0.   0.   0.   0.   0.   0.   0.   0.   0.
 163.        -.0044081274        -.0135668212         .0314295826    16.964600329384920000   0.   0.   0.   0.   0.   0.   0.   0.   0.   0.   0.   0.   0.
 164.        -.0029584967        -.0139186328         .0316349171    17.069320084504580000   0.   0.   0.   0.   0.   0.   0.   0.   0.   0.   0.   0.   0.
 165.        -.0014836073        -.0141155808         .0318397381    17.174039839624240000   0.   0.   0.   0.   0.   0.   0.   0.   0.   0.   0.   0.   0.
 166.         .0000000000        -.0141562500         .0320440339    17.278759594743900000   0.   0.   0.   0.   0.   0.   0.   0.   0.   0.   0.   0.   0.
 167.         .0014757677        -.0140409916         .0322477924    17.383479349863560000   0.   0.   0.   0.   0.   0.   0.   0.   0.   0.   0.   0.   0.
 168.         .0029273100        -.0137719107         .0324510017    17.488199104983220000   0.   0.   0.   0.   0.   0.   0.   0.   0.   0.   0.   0.   0.
 169.         .0043385986        -.0133528335         .0326536500    17.592918860102880000   0.   0.   0.   0.   0.   0.   0.   0.   0.   0.   0.   0.   0.
 170.         .0056941435        -.0127892558         .0328557253    17.697638615222540000   0.   0.   0.   0.   0.   0.   0.   0.   0.   0.   0.   0.   0.
 171.         .0069791667        -.0120882713         .0330572157    17.802358370342210000   0.   0.   0.   0.   0.   0.   0.   0.   0.   0.   0.   0.   0.
 172.         .0081797665        -.0112584827         .0332581093    17.907078125461870000   0.   0.   0.   0.   0.   0.   0.   0.   0.   0.   0.   0.   0.
 173.         .0092830719        -.0103098959         .0334583941    18.011797880581530000   0.   0.   0.   0.   0.   0.   0.   0.   0.   0.   0.   0.   0.
 174.         .0102773833        -.0092537975         .0336580583    18.116517635701190000   0.   0.   0.   0.   0.   0.   0.   0.   0.   0.   0.   0.   0.
 175.         .0111522993        -.0081026197         .0338570899    18.221237390820850000   0.   0.   0.   0.   0.   0.   0.   0.   0.   0.   0.   0.   0.
 176.         .0118988282        -.0068697917         .0340554771    18.325957145940510000   0.   0.   0.   0.   0.   0.   0.   0.   0.   0.   0.   0.   0.
 177.         .0125094825        -.0055695804         .0342532078    18.430676901060170000   0.   0.   0.   0.   0.   0.   0.   0.   0.   0.   0.   0.   0.
 178.         .0129783550        -.0042169232         .0344502703    18.535396656179830000   0.   0.   0.   0.   0.   0.   0.   0.   0.   0.   0.   0.   0.
 179.         .0133011771        -.0028272525         .0346466525    18.640116411299490000   0.   0.   0.   0.   0.   0.   0.   0.   0.   0.   0.   0.   0.
 180.         .0134753573        -.0014163171         .0348423427    18.744836166419150000   0.   0.   0.   0.   0.   0.   0.   0.   0.   0.   0.   0.   0.
 181.         .0135000000         .0000000000         .0350373289    18.849555921538810000   0.   0.   0.   0.   0.   0.   0.   0.   0.   0.   0.   0.   0.
 182.         .0133759051         .0014058643         .0352315992    18.954275676658470000   0.   0.   0.   0.   0.   0.   0.   0.   0.   0.   0.   0.   0.
 183.         .0131055476         .0027856701         .0354251416    19.058995431778130000   0.   0.   0.   0.   0.   0.   0.   0.   0.   0.   0.   0.   0.
 184.         .0126930380         .0041242181         .0356179444    19.163715186897790000   0.   0.   0.   0.   0.   0.   0.   0.   0.   0.   0.   0.   0.
 185.         .0121440643         .0054068858         .0358099956    19.268434942017450000   0.   0.   0.   0.   0.   0.   0.   0.   0.   0.   0.   0.   0.
 186.         .0114658155         .0066197917         .0360012833    19.373154697137110000   0.   0.   0.   0.   0.   0.   0.   0.   0.   0.   0.   0.   0.
 187.         .0106668891         .0077499486         .0361917957    19.477874452256770000   0.   0.   0.   0.   0.   0.   0.   0.   0.   0.   0.   0.   0.
 188.         .0097571819         .0087854061         .0363815208    19.582594207376430000   0.   0.   0.   0.   0.   0.   0.   0.   0.   0.   0.   0.   0.
 189.         .0087477675         .0097153800         .0365704468    19.687313962496090000   0.   0.   0.   0.   0.   0.   0.   0.   0.   0.   0.   0.   0.
 190.         .0076507598         .0105303675         .0367585617    19.792033717615750000   0.   0.   0.   0.   0.   0.   0.   0.   0.   0.   0.   0.   0.
 191.         .0064791667         .0112222459         .0369458538    19.896753472735410000   0.   0.   0.   0.   0.   0.   0.   0.   0.   0.   0.   0.   0.
 192.         .0052467332         .0117843558         .0371323111    20.001473227855070000   0.   0.   0.   0.   0.   0.   0.   0.   0.   0.   0.   0.   0.
 193.         .0039677782         .0122115657         .0373179217    20.106192982974730000   0.   0.   0.   0.   0.   0.   0.   0.   0.   0.   0.   0.   0.
 194.         .0026570248         .0125003188         .0375026739    20.210912738094390000   0.   0.   0.   0.   0.   0.   0.   0.   0.   0.   0.   0.   0.
 195.         .0013294278         .0126486610         .0376865556    20.315632493214050000   0.   0.   0.   0.   0.   0.   0.   0.   0.   0.   0.   0.   0.
 196.         .0000000000         .0126562500         .0378695552    20.420352248333710000   0.   0.   0.   0.   0.   0.   0.   0.   0.   0.   0.   0.   0.
 197.        -.0013163618         .0125243457         .0380516606    20.525072003453370000   0.   0.   0.   0.   0.   0.   0.   0.   0.   0.   0.   0.   0.
 198.        -.0026050469         .0122557819         .0382328600    20.629791758573040000   0.   0.   0.   0.   0.   0.   0.   0.   0.   0.   0.   0.   0.
 199.        -.0038518968         .0118549195         .0384131417    20.734511513692700000   0.   0.   0.   0.   0.   0.   0.   0.   0.   0.   0.   0.   0.
 200.        -.0050433649         .0113275830         .0385924937    20.839231268812360000   0.   0.   0.   0.   0.   0.   0.   0.   0.   0.   0.   0.   0.
 201.        -.0061666667         .0106809800         .0387709041    20.943951023932020000   0.   0.   0.   0.   0.   0.   0.   0.   0.   0.   0.   0.   0.
 202.        -.0072099209         .0099236047         .0389483613    21.048670779051680000   0.   0.   0.   0.   0.   0.   0.   0.   0.   0.   0.   0.   0.
 203.        -.0081622782         .0090651283         .0391248532    21.153390534171340000   0.   0.   0.   0.   0.   0.   0.   0.   0.   0.   0.   0.   0.
 204.        -.0090140371         .0081162755         .0393003682    21.258110289291000000   0.   0.   0.   0.   0.   0.   0.   0.   0.   0.   0.   0.   0.
 205.        -.0097567450         .0070886901         .0394748942    21.362830044410660000   0.   0.   0.   0.   0.   0.   0.   0.   0.   0.   0.   0.   0.
 206.        -.0103832837         .0059947917         .0396484196    21.467549799530320000   0.   0.   0.   0.   0.   0.   0.   0.   0.   0.   0.   0.   0.
 207.        -.0108879393         .0048476229         .0398209326    21.572269554649980000   0.   0.   0.   0.   0.   0.   0.   0.   0.   0.   0.   0.   0.
 208.        -.0112664533         .0036606926         .0399924212    21.676989309769640000   0.   0.   0.   0.   0.   0.   0.   0.   0.   0.   0.   0.   0.
 209.        -.0115160578         .0024478136         .0401628737    21.781709064889300000   0.   0.   0.   0.   0.   0.   0.   0.   0.   0.   0.   0.   0.
 210.        -.0116354918         .0012229395         .0403322782    21.886428820008960000   0.   0.   0.   0.   0.   0.   0.   0.   0.   0.   0.   0.   0.
 211.        -.0116250000         .0000000000         .0405006231    21.991148575128620000   0.   0.   0.   0.   0.   0.   0.   0.   0.   0.   0.   0.   0.
 212.        -.0114863135        -.0012072602         .0406678965    22.095868330248280000   0.   0.   0.   0.   0.   0.   0.   0.   0.   0.   0.   0.   0.
 213.        -.0112226135        -.0023854401         .0408340865    22.200588085367940000   0.   0.   0.   0.   0.   0.   0.   0.   0.   0.   0.   0.   0.
 214.        -.0108384778        -.0035216349         .0409991815    22.305307840487600000   0.   0.   0.   0.   0.   0.   0.   0.   0.   0.   0.   0.   0.
 215.        -.0103398120        -.0046035809         .0411631697    22.410027595607260000   0.   0.   0.   0.   0.   0.   0.   0.   0.   0.   0.   0.   0.
 216.        -.0097337647        -.0056197917         .0413260392    22.514747350726920000   0.   0.   0.   0.   0.   0.   0.   0.   0.   0.   0.   0.   0.
 217.        -.0090286297        -.0065596834         .0414877784    22.619467105846580000   0.   0.   0.   0.   0.   0.   0.   0.   0.   0.   0.   0.   0.
 218.        -.0082337350        -.0074136883         .0416483754    22.724186860966240000   0.   0.   0.   0.   0.   0.   0.   0.   0.   0.   0.   0.   0.
 219.        -.0073593215        -.0081733545         .0418078186    22.828906616085900000   0.   0.   0.   0.   0.   0.   0.   0.   0.   0.   0.   0.   0.
 220.        -.0064164108        -.0088314318         .0419660961    22.933626371205560000   0.   0.   0.   0.   0.   0.   0.   0.   0.   0.   0.   0.   0.
 221.        -.0054166667        -.0093819419         .0421231964    23.038346126325220000   0.   0.   0.   0.   0.   0.   0.   0.   0.   0.   0.   0.   0.
 222.        -.0043722494        -.0098202330         .0422791076    23.143065881444880000   0.   0.   0.   0.   0.   0.   0.   0.   0.   0.   0.   0.   0.
 223.        -.0032956662        -.0101430177         .0424338181    23.247785636564540000   0.   0.   0.   0.   0.   0.   0.   0.   0.   0.   0.   0.   0.
 224.        -.0021996191        -.0103483941         .0425873161    23.352505391684200000   0.   0.   0.   0.   0.   0.   0.   0.   0.   0.   0.   0.   0.
 225.        -.0010968520        -.0104358498         .0427395899    23.457225146803860000   0.   0.   0.   0.   0.   0.   0.   0.   0.   0.   0.   0.   0.
 226.         .0000000000        -.0104062500         .0428906280    23.561944901923530000   0.   0.   0.   0.   0.   0.   0.   0.   0.   0.   0.   0.   0.
 227.         .0010785595        -.0102618084         .0430404185    23.666664657043190000   0.   0.   0.   0.   0.   0.   0.   0.   0.   0.   0.   0.   0.
 228.         .0021268500        -.0100060424         .0431889500    23.771384412162850000   0.   0.   0.   0.   0.   0.   0.   0.   0.   0.   0.   0.   0.
 229.         .0031334323        -.0096437131         .0433362106    23.876104167282510000   0.   0.   0.   0.   0.   0.   0.   0.   0.   0.   0.   0.   0.
 230.         .0040875338        -.0091807512         .0434821889    23.980823922402170000   0.   0.   0.   0.   0.   0.   0.   0.   0.   0.   0.   0.   0.
 231.         .0049791667        -.0086241696         .0436268731    24.085543677521830000   0.   0.   0.   0.   0.   0.   0.   0.   0.   0.   0.   0.   0.
 232.         .0057992362        -.0079819639         .0437702517    24.190263432641490000   0.   0.   0.   0.   0.   0.   0.   0.   0.   0.   0.   0.   0.
 233.         .0065396365        -.0072630021         .0439123131    24.294983187761150000   0.   0.   0.   0.   0.   0.   0.   0.   0.   0.   0.   0.   0.
 234.         .0071933323        -.0064769055         .0440530457    24.399702942880810000   0.   0.   0.   0.   0.   0.   0.   0.   0.   0.   0.   0.   0.
 235.         .0077544279        -.0056339216         .0441924380    24.504422698000470000   0.   0.   0.   0.   0.   0.   0.   0.   0.   0.   0.   0.   0.
 236.         .0082182202        -.0047447917         .0443304784    24.609142453120130000   0.   0.   0.   0.   0.   0.   0.   0.   0.   0.   0.   0.   0.
 237.         .0085812370        -.0038206129         .0444671554    24.713862208239790000   0.   0.   0.   0.   0.   0.   0.   0.   0.   0.   0.   0.   0.
 238.         .0088412591        -.0028726992         .0446024576    24.818581963359450000   0.   0.   0.   0.   0.   0.   0.   0.   0.   0.   0.   0.   0.
 239.         .0089973277        -.0019124410         .0447363733    24.923301718479110000   0.   0.   0.   0.   0.   0.   0.   0.   0.   0.   0.   0.   0.
 240.         .0090497349        -.0009511655         .0448688913    25.028021473598770000   0.   0.   0.   0.   0.   0.   0.   0.   0.   0.   0.   0.   0.
 241.         .0090000000         .0000000000         .0450000000    25.132741228718430000   0.   0.   0.   0.   0.   0.   1.   1.   1.   1.   1.   1.   1.
 #BLOK005#MALZNO E1 E2 E3  P12  P13  P23  G12  G31  G23  TET ROU BIT
    1    0   210000000000.0000               .0000               .0000   .3000   .0000   .0000    80769230769.2308               .0000               .0000          .0000      7850.0000   1.
 #BLOK006#ELNO 1.Dügüm  2.Dügüm  IBIT
    1    1    2    0
    2    2    3    0
    3    3    4    0
    4    4    5    0
    5    5    6    0
    6    6    7    0
    7    7    8    0
    8    8    9    0
    9    9   10    0
   10   10   11    0
   11   11   12    0
   12   12   13    0
   13   13   14    0
   14   14   15    0
   15   15   16    0
   16   16   17    0
   17   17   18    0
   18   18   19    0
   19   19   20    0
   20   20   21    0
   21   21   22    0
   22   22   23    0
   23   23   24    0
   24   24   25    0
   25   25   26    0
   26   26   27    0
   27   27   28    0
   28   28   29    0
   29   29   30    0
   30   30   31    0
   31   31   32    0
   32   32   33    0
   33   33   34    0
   34   34   35    0
   35   35   36    0
   36   36   37    0
   37   37   38    0
   38   38   39    0
   39   39   40    0
   40   40   41    0
   41   41   42    0
   42   42   43    0
   43   43   44    0
   44   44   45    0
   45   45   46    0
   46   46   47    0
   47   47   48    0
   48   48   49    0
   49   49   50    0
   50   50   51    0
   51   51   52    0
   52   52   53    0
   53   53   54    0
   54   54   55    0
   55   55   56    0
   56   56   57    0
   57   57   58    0
   58   58   59    0
   59   59   60    0
   60   60   61    0
   61   61   62    0
   62   62   63    0
   63   63   64    0
   64   64   65    0
   65   65   66    0
   66   66   67    0
   67   67   68    0
   68   68   69    0
   69   69   70    0
   70   70   71    0
   71   71   72    0
   72   72   73    0
   73   73   74    0
   74   74   75    0
   75   75   76    0
   76   76   77    0
   77   77   78    0
   78   78   79    0
   79   79   80    0
   80   80   81    0
   81   81   82    0
   82   82   83    0
   83   83   84    0
   84   84   85    0
   85   85   86    0
   86   86   87    0
   87   87   88    0
   88   88   89    0
   89   89   90    0
   90   90   91    0
   91   91   92    0
   92   92   93    0
   93   93   94    0
   94   94   95    0
   95   95   96    0
   96   96   97    0
   97   97   98    0
   98   98   99    0
   99   99  100    0
  100  100  101    0
  101  101  102    0
  102  102  103    0
  103  103  104    0
  104  104  105    0
  105  105  106    0
  106  106  107    0
  107  107  108    0
  108  108  109    0
  109  109  110    0
  110  110  111    0
  111  111  112    0
  112  112  113    0
  113  113  114    0
  114  114  115    0
  115  115  116    0
  116  116  117    0
  117  117  118    0
  118  118  119    0
  119  119  120    0
  120  120  121    0
  121  121  122    0
  122  122  123    0
  123  123  124    0
  124  124  125    0
  125  125  126    0
  126  126  127    0
  127  127  128    0
  128  128  129    0
  129  129  130    0
  130  130  131    0
  131  131  132    0
  132  132  133    0
  133  133  134    0
  134  134  135    0
  135  135  136    0
  136  136  137    0
  137  137  138    0
  138  138  139    0
  139  139  140    0
  140  140  141    0
  141  141  142    0
  142  142  143    0
  143  143  144    0
  144  144  145    0
  145  145  146    0
  146  146  147    0
  147  147  148    0
  148  148  149    0
  149  149  150    0
  150  150  151    0
  151  151  152    0
  152  152  153    0
  153  153  154    0
  154  154  155    0
  155  155  156    0
  156  156  157    0
  157  157  158    0
  158  158  159    0
  159  159  160    0
  160  160  161    0
  161  161  162    0
  162  162  163    0
  163  163  164    0
  164  164  165    0
  165  165  166    0
  166  166  167    0
  167  167  168    0
  168  168  169    0
  169  169  170    0
  170  170  171    0
  171  171  172    0
  172  172  173    0
  173  173  174    0
  174  174  175    0
  175  175  176    0
  176  176  177    0
  177  177  178    0
  178  178  179    0
  179  179  180    0
  180  180  181    0
  181  181  182    0
  182  182  183    0
  183  183  184    0
  184  184  185    0
  185  185  186    0
  186  186  187    0
  187  187  188    0
  188  188  189    0
  189  189  190    0
  190  190  191    0
  191  191  192    0
  192  192  193    0
  193  193  194    0
  194  194  195    0
  195  195  196    0
  196  196  197    0
  197  197  198    0
  198  198  199    0
  199  199  200    0
  200  200  201    0
  201  201  202    0
  202  202  203    0
  203  203  204    0
  204  204  205    0
  205  205  206    0
  206  206  207    0
  207  207  208    0
  208  208  209    0
  209  209  210    0
  210  210  211    0
  211  211  212    0
  212  212  213    0
  213  213  214    0
  214  214  215    0
  215  215  216    0
  216  216  217    0
  217  217  218    0
  218  218  219    0
  219  219  220    0
  220  220  221    0
  221  221  222    0
  222  222  223    0
  223  223  224    0
  224  224  225    0
  225  225  226    0
  226  226  227    0
  227  227  228    0
  228  228  229    0
  229  229  230    0
  230  230  231    0
  231  231  232    0
  232  232  233    0
  233  233  234    0
  234  234  235    0
  235  235  236    0
  236  236  237    0
  237  237  238    0
  238  238  239    0
  239  239  240    0
  240  240  241    1
 #BLOK007# TIP K1  K2  K3  K4  K5  K6  MALZEME TIPI
   1.      .00100000      .00000000      .00000000      .00000000      .00000000      .00000000   1.
 #BLOK011# ZEMIN PARAMETRELERi
              .00000              .00000              .00000              .00000              .00000              .00000              .00000              .00000              .00000
              .00000              .00000              .00000              .00000              .00000              .00000              .00000              .00000              .00000
